          0.000000 0.850309 0.728395 0.763889 0.772955 0.754630 0.769231 0.722222 0.711420 0.705993 0.815254 0.904321 0.766975 0.768519 0.759036 0.714506 0.779321 0.757974 0.732759 0.719136 0.817901 0.714506 0.693609 0.898148 0.751880 0.788580 0.887346 0.714506 0.740550 0.712963 0.873171 0.717593 0.776235 0.874773 0.759850 0.854938 0.750000 0.712963 0.717593 0.765432 0.716049 0.754630 0.757716 0.766975 0.881173 0.765432 0.719136 0.893855 0.765432 0.736111 0.697761 0.817717 0.667808 0.755639 0.751880 0.907407 0.777586 0.793624 0.773408 0.700375 0.772575 0.763889 0.765363 0.782407 0.777778 0.765432 0.777778 0.828704 0.810185 0.777778 0.771605 0.757716 0.766975 0.746154
          0.850309 0.000000 0.721060 0.631799 0.656093 0.622036 0.655518 0.721060 0.723849 0.728464 0.754237 0.900298 0.627615 0.629010 0.791738 0.723849 0.626220 0.643527 0.789655 0.722455 0.783821 0.721060 0.733083 0.902758 0.640977 0.622036 0.888424 0.722455 0.800687 0.722455 0.895935 0.722455 0.624826 0.836661 0.643527 0.776848 0.631799 0.722455 0.723849 0.627615 0.722455 0.620642 0.733612 0.626220 0.757322 0.627615 0.736402 0.873371 0.627615 0.750349 0.727612 0.715503 0.775685 0.654135 0.644737 0.899582 0.796552 0.687919 0.672285 0.726592 0.652174 0.748948 0.662942 0.634589 0.624826 0.627615 0.620642 0.690377 0.704324 0.626220 0.608089 0.613668 0.640167 0.640385
          0.728395 0.721060 0.000000 0.481583 0.500835 0.457026 0.494983 0.040984 0.110505 0.078652 0.613559 0.882440 0.478854 0.474761 0.388985 0.117486 0.474761 0.439024 0.367241 0.115962 0.594444 0.098361 0.084586 0.904209 0.441729 0.489768 0.861304 0.086066 0.372852 0.065574 0.783740 0.105191 0.473397 0.751361 0.439024 0.720327 0.485675 0.099591 0.095498 0.476126 0.098361 0.461119 0.181446 0.473397 0.727273 0.476126 0.087671 0.856611 0.474761 0.208731 0.069030 0.587734 0.335616 0.454887 0.447368 0.896266 0.493103 0.555369 0.456929 0.069288 0.494983 0.751753 0.458101 0.478854 0.461119 0.477490 0.458390 0.491132 0.497238 0.463847 0.455662 0.455662 0.469304 0.438462
          0.763889 0.631799 0.481583 0.000000 0.048414 0.185539 0.060201 0.478142 0.481583 0.447566 0.388136 0.888393 0.036835 0.025921 0.641997 0.480874 0.106412 0.101313 0.625862 0.484311 0.700000 0.478142 0.453008 0.898403 0.125940 0.186903 0.861304 0.476776 0.634021 0.480874 0.858537 0.479508 0.103683 0.598911 0.121951 0.564802 0.222374 0.480218 0.481583 0.035471 0.478142 0.182810 0.508868 0.024557 0.643251 0.036835 0.497260 0.793296 0.027285 0.511596 0.449627 0.320273 0.609589 0.137218 0.140977 0.889350 0.698276 0.179530 0.164794 0.449438 0.137124 0.669004 0.094972 0.117326 0.181446 0.038199 0.140518 0.421555 0.451657 0.180082 0.199181 0.195089 0.203274 0.186538
          0.772955 0.656093 0.500835 0.048414 0.000000 0.175292 0.025084 0.497496 0.495826 0.447566 0.379661 0.899833 0.028381 0.025042 0.641997 0.497496 0.105175 0.078799 0.627586 0.499165 0.686144 0.494157 0.451128 0.899833 0.114662 0.180301 0.869783 0.492487 0.630584 0.500835 0.854758 0.495826 0.100167 0.578947 0.101313 0.612688 0.205342 0.492487 0.495826 0.013356 0.495826 0.175292 0.535893 0.023372 0.642738 0.016694 0.514190 0.783985 0.016694 0.532554 0.447761 0.304940 0.611301 0.125940 0.131579 0.884808 0.705172 0.147651 0.155431 0.447566 0.110368 0.656093 0.080074 0.116861 0.178631 0.015025 0.128548 0.467446 0.484140 0.175292 0.202003 0.188648 0.205342 0.165385
          0.754630 0.622036 0.457026 0.185539 0.175292 0.000000 0.172241 0.454918 0.462483 0.441948 0.423729 0.894345 0.179348 0.172554 0.648881 0.461749 0.163265 0.159475 0.620690 0.465211 0.711111 0.460383 0.439850 0.892598 0.161654 0.173913 0.866852 0.457650 0.625430 0.463115 0.865041 0.461749 0.163043 0.626134 0.151970 0.600000 0.082656 0.461119 0.459754 0.171429 0.461749 0.012195 0.491132 0.172554 0.637741 0.167347 0.484932 0.802607 0.168707 0.507503 0.436567 0.362862 0.609589 0.174812 0.174812 0.897649 0.701724 0.273490 0.264045 0.436330 0.177258 0.635344 0.208566 0.175272 0.160326 0.167347 0.153533 0.385559 0.443370 0.158967 0.126187 0.062331 0.150815 0.015385
          0.769231 0.655518 0.494983 0.060201 0.025084 0.172241 0.000000 0.491639 0.488294 0.441948 0.371186 0.897993 0.041806 0.040134 0.636833 0.489967 0.091973 0.063790 0.622414 0.491639 0.685619 0.488294 0.445489 0.908027 0.099624 0.182274 0.867893 0.486622 0.627148 0.494983 0.857860 0.489967 0.086957 0.582577 0.086304 0.607023 0.204013 0.486622 0.489967 0.026756 0.488294 0.172241 0.525084 0.038462 0.642140 0.028428 0.508361 0.782123 0.030100 0.528428 0.442164 0.291312 0.604452 0.110902 0.114662 0.882943 0.700000 0.147651 0.161049 0.441948 0.096990 0.657191 0.089385 0.102007 0.175585 0.026756 0.112040 0.464883 0.483278 0.172241 0.204013 0.188963 0.204013 0.163462
          0.722222 0.721060 0.040984 0.478142 0.497496 0.454918 0.491639 0.000000 0.095628 0.061798 0.606780 0.886905 0.475410 0.471311 0.373494 0.101093 0.472678 0.437148 0.355172 0.103825 0.591667 0.083333 0.062030 0.901306 0.441729 0.487705 0.859917 0.066940 0.360825 0.049180 0.783740 0.090164 0.471311 0.758621 0.437148 0.715847 0.480874 0.081967 0.077869 0.472678 0.084699 0.457650 0.169399 0.469945 0.732782 0.472678 0.094521 0.864060 0.471311 0.192623 0.044776 0.584327 0.313356 0.453008 0.447368 0.894882 0.479310 0.555369 0.449438 0.044944 0.496656 0.750351 0.454376 0.476776 0.461749 0.471311 0.457650 0.489071 0.497238 0.465847 0.453552 0.450820 0.468579 0.434615
          0.711420 0.723849 0.110505 0.481583 0.495826 0.462483 0.488294 0.095628 0.000000 0.063670 0.608475 0.877976 0.480218 0.477490 0.366609 0.019126 0.484311 0.435272 0.331034 0.020464 0.568056 0.013661 0.026316 0.895501 0.443609 0.495225 0.859917 0.032787 0.331615 0.069672 0.788618 0.016393 0.482947 0.749546 0.439024 0.717599 0.489768 0.020464 0.034106 0.480218 0.024590 0.466576 0.095498 0.477490 0.731405 0.480218 0.130137 0.862197 0.478854 0.139154 0.016791 0.580920 0.297945 0.454887 0.449248 0.910097 0.456897 0.550336 0.447566 0.016854 0.498328 0.757363 0.452514 0.487040 0.474761 0.481583 0.470668 0.500682 0.493094 0.476126 0.465211 0.457026 0.476126 0.436538
          0.705993 0.728464 0.078652 0.447566 0.447566 0.441948 0.441948 0.061798 0.063670 0.000000 0.597378 0.889513 0.449438 0.443820 0.382022 0.076779 0.453184 0.442777 0.346442 0.073034 0.526217 0.058052 0.082707 0.900749 0.449248 0.483146 0.872659 0.058052 0.344569 0.065543 0.777154 0.065543 0.451311 0.756554 0.446529 0.735955 0.453184 0.056180 0.054307 0.445693 0.058052 0.445693 0.153558 0.443820 0.737828 0.445693 0.102996 0.859551 0.445693 0.194757 0.063670 0.578652 0.303371 0.464286 0.454887 0.885768 0.486891 0.511236 0.449438 0.067416 0.456929 0.745318 0.453184 0.456929 0.455056 0.447566 0.447566 0.486891 0.479401 0.456929 0.443820 0.430712 0.462547 0.444231
         0.815254 0.754237 0.613559 0.388136 0.379661 0.423729 0.371186 0.606780 0.608475 0.597378 0.000000 0.894915 0.383051 0.383051 0.717728 0.611864 0.320339 0.345216 0.710345 0.610169 0.769492 0.608475 0.597744 0.888136 0.327068 0.437288 0.874576 0.601695 0.701031 0.601695 0.867797 0.606780 0.320339 0.720508 0.324578 0.677966 0.445763 0.606780 0.603390 0.376271 0.606780 0.425424 0.635593 0.376271 0.728814 0.372881 0.610169 0.819367 0.377966 0.632203 0.591418 0.332198 0.688356 0.332707 0.332707 0.886441 0.737931 0.413559 0.475655 0.589888 0.310169 0.738983 0.430168 0.333898 0.416949 0.377966 0.367797 0.584746 0.611864 0.413559 0.438983 0.428814 0.459322 0.428846
         0.904321 0.900298 0.882440 0.888393 0.899833 0.894345 0.897993 0.886905 0.877976 0.889513 0.894915 0.000000 0.891369 0.891369 0.896730 0.883929 0.892857 0.889306 0.889655 0.877976 0.897321 0.877976 0.885338 0.891369 0.887218 0.904762 0.897321 0.883929 0.893471 0.880952 0.904065 0.880952 0.894345 0.900181 0.889306 0.904762 0.897321 0.883929 0.883929 0.889881 0.880952 0.894345 0.889881 0.889881 0.892857 0.889881 0.886905 0.897579 0.888393 0.886905 0.891791 0.897785 0.898973 0.890977 0.887218 0.903274 0.887931 0.901007 0.900749 0.893258 0.901338 0.906250 0.895717 0.897321 0.894345 0.888393 0.894345 0.883929 0.889881 0.895833 0.891369 0.892857 0.886905 0.901923
         0.766975 0.627615 0.478854 0.036835 0.028381 0.179348 0.041806 0.475410 0.480218 0.449438 0.383051 0.891369 0.000000 0.020380 0.641997 0.482240 0.097959 0.090056 0.627586 0.485675 0.727778 0.478142 0.449248 0.899855 0.125940 0.182065 0.861304 0.476776 0.630584 0.479508 0.855285 0.478142 0.095109 0.584392 0.112570 0.565986 0.213315 0.478854 0.481583 0.017687 0.478142 0.176630 0.517053 0.021739 0.634986 0.027211 0.497260 0.785847 0.020408 0.511596 0.445896 0.311755 0.611301 0.135338 0.142857 0.887967 0.701724 0.162752 0.157303 0.445693 0.125418 0.669004 0.083799 0.108696 0.176630 0.025850 0.138587 0.418256 0.444751 0.175272 0.202446 0.188859 0.199728 0.173077
         0.768519 0.629010 0.474761 0.025921 0.025042 0.172554 0.040134 0.471311 0.477490 0.443820 0.383051 0.891369 0.020380 0.000000 0.640275 0.478142 0.093878 0.086304 0.622414 0.480218 0.723611 0.474044 0.445489 0.907112 0.122180 0.176630 0.861304 0.472678 0.632302 0.476776 0.853659 0.475410 0.091033 0.588022 0.108818 0.565986 0.209239 0.476126 0.477490 0.017687 0.474044 0.171196 0.511596 0.013587 0.634986 0.024490 0.494521 0.787709 0.012245 0.507503 0.442164 0.311755 0.607877 0.131579 0.139098 0.890733 0.701724 0.159396 0.153558 0.441948 0.122074 0.667602 0.080074 0.105978 0.173913 0.023129 0.130435 0.418256 0.446133 0.172554 0.197011 0.182065 0.197011 0.169231
         0.759036 0.791738 0.388985 0.641997 0.641997 0.648881 0.636833 0.373494 0.366609 0.382022 0.717728 0.896730 0.641997 0.640275 0.000000 0.371773 0.645439 0.615385 0.417241 0.368330 0.700516 0.359725 0.372180 0.901893 0.622180 0.666093 0.888124 0.359725 0.438898 0.364888 0.784854 0.366609 0.643718 0.825771 0.621013 0.805508 0.652324 0.358003 0.359725 0.640275 0.363167 0.652324 0.418244 0.640275 0.805508 0.640275 0.406196 0.878957 0.640275 0.459552 0.367537 0.697074 0.435456 0.624060 0.627820 0.901893 0.548276 0.671256 0.619850 0.365169 0.647160 0.805508 0.621974 0.647160 0.645439 0.641997 0.640275 0.664372 0.657487 0.650602 0.640275 0.641997 0.655766 0.626923
         0.714506 0.723849 0.117486 0.480874 0.497496 0.461749 0.489967 0.101093 0.019126 0.076779 0.611864 0.883929 0.482240 0.478142 0.371773 0.000000 0.483607 0.439024 0.336207 0.025956 0.576389 0.025956 0.026316 0.896952 0.445489 0.495902 0.859917 0.045082 0.335052 0.083333 0.785366 0.019126 0.482240 0.754991 0.442777 0.719945 0.489071 0.025956 0.045082 0.482240 0.036885 0.465847 0.090164 0.479508 0.731405 0.482240 0.141096 0.864060 0.479508 0.148907 0.018657 0.582624 0.303082 0.456767 0.451128 0.901798 0.460345 0.552013 0.453184 0.018727 0.501672 0.755961 0.456238 0.487705 0.475410 0.483607 0.471311 0.501366 0.493094 0.476776 0.469945 0.456284 0.478142 0.436538
         0.779321 0.626220 0.474761 0.106412 0.105175 0.163265 0.091973 0.472678 0.484311 0.453184 0.320339 0.892857 0.097959 0.093878 0.645439 0.483607 0.000000 0.045028 0.624138 0.484311 0.695833 0.480874 0.449248 0.898403 0.024436 0.167347 0.869626 0.474044 0.632302 0.479508 0.868293 0.480874 0.006803 0.593466 0.016886 0.536054 0.202721 0.481583 0.478854 0.087075 0.479508 0.161905 0.506139 0.091156 0.636364 0.078912 0.494521 0.772812 0.087075 0.514325 0.447761 0.231687 0.611301 0.035714 0.035714 0.885201 0.703448 0.209732 0.228464 0.447566 0.025084 0.670407 0.167598 0.024490 0.157823 0.082993 0.092517 0.408719 0.443370 0.157823 0.185034 0.168707 0.191837 0.161538
         0.757974 0.643527 0.439024 0.101313 0.078799 0.159475 0.063790 0.437148 0.435272 0.442777 0.345216 0.889306 0.090056 0.086304 0.615385 0.439024 0.045028 0.000000 0.590994 0.440901 0.654784 0.435272 0.443609 0.902439 0.046992 0.176360 0.870544 0.435272 0.600375 0.440901 0.861163 0.437148 0.039400 0.583490 0.033771 0.589118 0.180113 0.435272 0.435272 0.075047 0.433396 0.159475 0.472795 0.082552 0.626642 0.073171 0.455910 0.769231 0.076923 0.482176 0.437148 0.234522 0.577861 0.060150 0.060150 0.889306 0.682927 0.191370 0.200750 0.439024 0.048780 0.666041 0.129456 0.054409 0.161351 0.076923 0.073171 0.442777 0.440901 0.157598 0.187617 0.174484 0.200750 0.163462
         0.732759 0.789655 0.367241 0.625862 0.627586 0.620690 0.622414 0.355172 0.331034 0.346442 0.710345 0.889655 0.627586 0.622414 0.417241 0.336207 0.624138 0.590994 0.000000 0.334483 0.687931 0.327586 0.334586 0.901724 0.595865 0.651724 0.875862 0.332759 0.274138 0.353448 0.813793 0.332759 0.620690 0.807623 0.594747 0.798276 0.629310 0.327586 0.329310 0.622414 0.329310 0.627586 0.396552 0.622414 0.827586 0.624138 0.384483 0.880819 0.622414 0.417241 0.324627 0.667241 0.417241 0.603383 0.601504 0.901724 0.389655 0.650000 0.597378 0.323970 0.624138 0.813793 0.607076 0.620690 0.631034 0.625862 0.620690 0.637931 0.648276 0.631034 0.622414 0.610345 0.637931 0.598077
         0.719136 0.722455 0.115962 0.484311 0.499165 0.465211 0.491639 0.103825 0.020464 0.073034 0.610169 0.877976 0.485675 0.480218 0.368330 0.025956 0.484311 0.440901 0.334483 0.000000 0.568056 0.024590 0.037594 0.894049 0.445489 0.496589 0.858530 0.043716 0.338488 0.077869 0.790244 0.025956 0.482947 0.754991 0.442777 0.720327 0.492497 0.032742 0.040928 0.484311 0.032787 0.469304 0.088677 0.481583 0.732782 0.484311 0.136986 0.864060 0.481583 0.147340 0.027985 0.584327 0.304795 0.458647 0.451128 0.903181 0.462069 0.553691 0.453184 0.028090 0.501672 0.753156 0.456238 0.488404 0.476126 0.485675 0.472033 0.503411 0.497238 0.477490 0.469304 0.459754 0.478854 0.440385
         0.817901 0.783821 0.594444 0.700000 0.686144 0.711111 0.685619 0.591667 0.568056 0.526217 0.769492 0.897321 0.727778 0.723611 0.700516 0.576389 0.695833 0.654784 0.687931 0.568056 0.000000 0.562500 0.516917 0.905660 0.661654 0.737500 0.890278 0.563889 0.675258 0.575000 0.879675 0.565278 0.697222 0.831216 0.660413 0.813889 0.720833 0.568056 0.561111 0.725000 0.555556 0.722222 0.591667 0.725000 0.801389 0.693056 0.568056 0.867784 0.723611 0.577778 0.513060 0.752981 0.638699 0.659774 0.663534 0.904167 0.729310 0.724832 0.653558 0.513109 0.690635 0.806452 0.661080 0.698611 0.730556 0.695833 0.700000 0.747222 0.731944 0.730556 0.709722 0.713889 0.715278 0.669231
         0.714506 0.721060 0.098361 0.478142 0.494157 0.460383 0.488294 0.083333 0.013661 0.058052 0.608475 0.877976 0.478142 0.474044 0.359725 0.025956 0.480874 0.435272 0.327586 0.024590 0.562500 0.000000 0.030075 0.896952 0.443609 0.494536 0.855756 0.019126 0.333333 0.060109 0.788618 0.009563 0.479508 0.751361 0.439024 0.717213 0.487705 0.009563 0.021858 0.476776 0.016393 0.464481 0.098361 0.474044 0.731405 0.476776 0.119178 0.860335 0.475410 0.135246 0.014925 0.579216 0.294521 0.454887 0.449248 0.892116 0.456897 0.552013 0.447566 0.014981 0.498328 0.754558 0.450652 0.483607 0.471311 0.478142 0.467213 0.495902 0.491713 0.472678 0.461749 0.454918 0.472678 0.436538
         0.693609 0.733083 0.084586 0.453008 0.451128 0.439850 0.445489 0.062030 0.026316 0.082707 0.597744 0.885338 0.449248 0.445489 0.372180 0.026316 0.449248 0.443609 0.334586 0.037594 0.516917 0.030075 0.000000 0.900376 0.451128 0.483083 0.874060 0.043233 0.327068 0.056391 0.776316 0.022556 0.447368 0.753759 0.445489 0.742481 0.454887 0.028195 0.045113 0.447368 0.039474 0.445489 0.127820 0.445489 0.738722 0.449248 0.099624 0.851504 0.447368 0.182331 0.020677 0.578947 0.274436 0.460526 0.454887 0.894737 0.477444 0.516917 0.458647 0.024436 0.454887 0.740602 0.458647 0.453008 0.456767 0.451128 0.449248 0.505639 0.475564 0.462406 0.445489 0.430451 0.460526 0.444231
         0.898148 0.902758 0.904209 0.898403 0.899833 0.892598 0.908027 0.901306 0.895501 0.900749 0.888136 0.891369 0.899855 0.907112 0.901893 0.896952 0.898403 0.902439 0.901724 0.894049 0.905660 0.896952 0.900376 0.000000 0.898496 0.892598 0.891147 0.896952 0.900344 0.894049 0.905691 0.895501 0.896952 0.900181 0.900563 0.895501 0.891147 0.896952 0.896952 0.898403 0.898403 0.892598 0.896952 0.899855 0.907112 0.898403 0.899855 0.888268 0.896952 0.904209 0.904851 0.908007 0.905822 0.898496 0.892857 0.899855 0.898276 0.895973 0.897004 0.906367 0.906355 0.902758 0.897579 0.898403 0.899855 0.895501 0.904209 0.901306 0.898403 0.901306 0.894049 0.891147 0.894049 0.898077
         0.751880 0.640977 0.441729 0.125940 0.114662 0.161654 0.099624 0.441729 0.443609 0.449248 0.327068 0.887218 0.125940 0.122180 0.622180 0.445489 0.024436 0.046992 0.595865 0.445489 0.661654 0.443609 0.451128 0.898496 0.000000 0.174812 0.868421 0.439850 0.607143 0.445489 0.859023 0.443609 0.018797 0.582707 0.020677 0.575188 0.184211 0.443609 0.439850 0.112782 0.441729 0.163534 0.469925 0.116541 0.631579 0.107143 0.456767 0.768797 0.114662 0.490602 0.443609 0.225564 0.582707 0.041353 0.024436 0.887218 0.687970 0.216165 0.234962 0.445489 0.031955 0.663534 0.165414 0.033835 0.161654 0.112782 0.069549 0.432331 0.436090 0.157895 0.180451 0.172932 0.204887 0.165385
         0.788580 0.622036 0.489768 0.186903 0.180301 0.173913 0.182274 0.487705 0.495225 0.483146 0.437288 0.904762 0.182065 0.176630 0.666093 0.495902 0.167347 0.176360 0.651724 0.496589 0.737500 0.494536 0.483083 0.892598 0.174812 0.000000 0.868239 0.490437 0.658076 0.495902 0.861789 0.495902 0.167120 0.638838 0.163227 0.591837 0.210598 0.495225 0.495225 0.176871 0.494536 0.173913 0.518417 0.177989 0.632231 0.172789 0.517808 0.806331 0.172789 0.529332 0.479478 0.359455 0.633562 0.189850 0.189850 0.892116 0.722414 0.281879 0.288390 0.479401 0.180602 0.659187 0.229050 0.180707 0.130435 0.172789 0.144022 0.405995 0.457182 0.129076 0.177989 0.176630 0.201087 0.213462
         0.887346 0.888424 0.861304 0.861304 0.869783 0.866852 0.867893 0.859917 0.859917 0.872659 0.874576 0.897321 0.861304 0.861304 0.888124 0.859917 0.869626 0.870544 0.875862 0.858530 0.890278 0.855756 0.874060 0.891147 0.868421 0.868239 0.000000 0.857143 0.886598 0.865465 0.895935 0.855756 0.868239 0.889292 0.868668 0.889043 0.866852 0.855756 0.855756 0.861304 0.855756 0.866852 0.864078 0.859917 0.883495 0.861304 0.861304 0.895717 0.859917 0.862691 0.865672 0.867121 0.893836 0.872180 0.870301 0.886269 0.886207 0.870805 0.863296 0.867041 0.872910 0.887798 0.867784 0.868239 0.859917 0.861304 0.864078 0.864078 0.873786 0.858530 0.864078 0.868239 0.864078 0.871154
         0.714506 0.722455 0.086066 0.476776 0.492487 0.457650 0.486622 0.066940 0.032787 0.058052 0.601695 0.883929 0.476776 0.472678 0.359725 0.045082 0.474044 0.435272 0.332759 0.043716 0.563889 0.019126 0.043233 0.896952 0.439850 0.490437 0.857143 0.000000 0.340206 0.040984 0.783740 0.028689 0.472678 0.754991 0.435272 0.715847 0.483607 0.020492 0.016393 0.474044 0.021858 0.461749 0.116120 0.471311 0.732782 0.474044 0.104110 0.860335 0.472678 0.137978 0.027985 0.575809 0.297945 0.451128 0.445489 0.896266 0.460345 0.550336 0.449438 0.028090 0.491639 0.753156 0.450652 0.478142 0.465847 0.475410 0.460383 0.497268 0.493094 0.467213 0.457650 0.452186 0.467213 0.432692
         0.740550 0.800687 0.372852 0.634021 0.630584 0.625430 0.627148 0.360825 0.331615 0.344569 0.701031 0.893471 0.630584 0.632302 0.438898 0.335052 0.632302 0.600375 0.274138 0.338488 0.675258 0.333333 0.327068 0.900344 0.607143 0.658076 0.886598 0.340206 0.000000 0.359107 0.793814 0.333333 0.628866 0.811252 0.602251 0.793814 0.632302 0.328179 0.336770 0.628866 0.335052 0.630584 0.400344 0.628866 0.817869 0.630584 0.391753 0.882682 0.628866 0.426117 0.319030 0.671821 0.386598 0.609023 0.609023 0.893471 0.410345 0.658076 0.614232 0.320225 0.634021 0.838488 0.612663 0.628866 0.627148 0.632302 0.628866 0.644330 0.651203 0.630584 0.627148 0.620275 0.642612 0.607692
         0.712963 0.722455 0.065574 0.480874 0.500835 0.463115 0.494983 0.049180 0.069672 0.065543 0.601695 0.880952 0.479508 0.476776 0.364888 0.083333 0.479508 0.440901 0.353448 0.077869 0.575000 0.060109 0.056391 0.894049 0.445489 0.495902 0.865465 0.040984 0.359107 0.000000 0.786992 0.068306 0.478142 0.758621 0.440901 0.715847 0.483607 0.061475 0.045082 0.478142 0.053279 0.467213 0.150273 0.476776 0.734160 0.479508 0.080822 0.862197 0.478142 0.168033 0.041045 0.582624 0.308219 0.458647 0.451128 0.889350 0.477586 0.558725 0.449438 0.041199 0.500000 0.751753 0.454376 0.483607 0.472678 0.480874 0.464481 0.501366 0.501381 0.476776 0.461749 0.456284 0.474044 0.438462
         0.873171 0.895935 0.783740 0.858537 0.854758 0.865041 0.857860 0.783740 0.788618 0.777154 0.867797 0.904065 0.855285 0.853659 0.784854 0.785366 0.868293 0.861163 0.813793 0.790244 0.879675 0.788618 0.776316 0.905691 0.859023 0.861789 0.895935 0.783740 0.793814 0.786992 0.000000 0.786992 0.866667 0.903811 0.864916 0.886179 0.866667 0.788618 0.782114 0.856911 0.782114 0.866667 0.801626 0.853659 0.892683 0.856911 0.798374 0.905028 0.855285 0.813008 0.772388 0.879046 0.797945 0.859023 0.857143 0.895935 0.846552 0.875839 0.844569 0.771536 0.861204 0.882927 0.854749 0.866667 0.863415 0.860163 0.866667 0.871545 0.842276 0.861789 0.861789 0.866667 0.868293 0.865385
         0.717593 0.722455 0.105191 0.479508 0.495826 0.461749 0.489967 0.090164 0.016393 0.065543 0.606780 0.880952 0.478142 0.475410 0.366609 0.019126 0.480874 0.437148 0.332759 0.025956 0.565278 0.009563 0.022556 0.895501 0.443609 0.495902 0.855756 0.028689 0.333333 0.068306 0.786992 0.000000 0.479508 0.751361 0.440901 0.719945 0.489071 0.010929 0.031421 0.478142 0.023224 0.465847 0.098361 0.475410 0.730028 0.478142 0.127397 0.864060 0.476776 0.140710 0.005597 0.582624 0.303082 0.454887 0.449248 0.892116 0.460345 0.552013 0.451311 0.005618 0.500000 0.755961 0.454376 0.483607 0.474044 0.479508 0.468579 0.495902 0.490331 0.475410 0.464481 0.456284 0.474044 0.436538
         0.776235 0.624826 0.473397 0.103683 0.100167 0.163043 0.086957 0.471311 0.482947 0.451311 0.320339 0.894345 0.095109 0.091033 0.643718 0.482240 0.006803 0.039400 0.620690 0.482947 0.697222 0.479508 0.447368 0.896952 0.018797 0.167120 0.868239 0.472678 0.628866 0.478142 0.866667 0.479508 0.000000 0.591652 0.011257 0.533333 0.201087 0.480218 0.477490 0.082993 0.478142 0.161685 0.504775 0.088315 0.637741 0.074830 0.493151 0.770950 0.082993 0.512960 0.445896 0.229983 0.609589 0.030075 0.030075 0.886584 0.700000 0.204698 0.224719 0.445693 0.021739 0.669004 0.162011 0.021739 0.158967 0.078912 0.091033 0.410082 0.443370 0.157609 0.184783 0.168478 0.192935 0.155769
         0.874773 0.836661 0.751361 0.598911 0.578947 0.626134 0.582577 0.758621 0.749546 0.756554 0.720508 0.900181 0.584392 0.588022 0.825771 0.754991 0.593466 0.583490 0.807623 0.754991 0.831216 0.751361 0.753759 0.900181 0.582707 0.638838 0.889292 0.754991 0.811252 0.758621 0.903811 0.751361 0.591652 0.000000 0.585366 0.816697 0.638838 0.749546 0.753176 0.580762 0.751361 0.627949 0.767695 0.584392 0.802178 0.582577 0.758621 0.783985 0.580762 0.776770 0.748134 0.676951 0.802178 0.588346 0.582707 0.892922 0.840290 0.600726 0.634831 0.747191 0.604356 0.834846 0.594041 0.597096 0.629764 0.584392 0.613430 0.745917 0.742287 0.629764 0.629764 0.637024 0.638838 0.615385
         0.759850 0.643527 0.439024 0.121951 0.101313 0.151970 0.086304 0.437148 0.439024 0.446529 0.324578 0.889306 0.112570 0.108818 0.621013 0.442777 0.016886 0.033771 0.594747 0.442777 0.660413 0.439024 0.445489 0.900563 0.020677 0.163227 0.868668 0.435272 0.602251 0.440901 0.864916 0.440901 0.011257 0.585366 0.000000 0.575985 0.174484 0.439024 0.435272 0.099437 0.437148 0.151970 0.472795 0.103189 0.626642 0.093809 0.454034 0.769231 0.101313 0.485929 0.440901 0.217636 0.581614 0.028195 0.031955 0.887430 0.684803 0.204503 0.221388 0.442777 0.020638 0.666041 0.153846 0.026266 0.151970 0.099437 0.058161 0.439024 0.439024 0.148218 0.180113 0.163227 0.198874 0.155769
         0.854938 0.776848 0.720327 0.564802 0.612688 0.600000 0.607023 0.715847 0.717599 0.735955 0.677966 0.904762 0.565986 0.565986 0.805508 0.719945 0.536054 0.589118 0.798276 0.720327 0.813889 0.717213 0.742481 0.895501 0.575188 0.591837 0.889043 0.715847 0.793814 0.715847 0.886179 0.719945 0.533333 0.816697 0.575985 0.000000 0.617687 0.718963 0.718963 0.567347 0.719945 0.601361 0.728513 0.565986 0.782369 0.561905 0.720548 0.873371 0.565986 0.735334 0.740672 0.652470 0.797945 0.586466 0.577068 0.899032 0.837931 0.634228 0.685393 0.741573 0.578595 0.817672 0.646182 0.544218 0.597279 0.563265 0.568707 0.692098 0.716851 0.597279 0.602721 0.608163 0.609524 0.632692
         0.750000 0.631799 0.485675 0.222374 0.205342 0.082656 0.204013 0.480874 0.489768 0.453184 0.445763 0.897321 0.213315 0.209239 0.652324 0.489071 0.202721 0.180113 0.629310 0.492497 0.720833 0.487705 0.454887 0.891147 0.184211 0.210598 0.866852 0.483607 0.632302 0.483607 0.866667 0.489071 0.201087 0.638838 0.174484 0.617687 0.000000 0.488404 0.485675 0.208163 0.487705 0.081301 0.518417 0.209239 0.650138 0.204082 0.506849 0.802607 0.205442 0.527967 0.451493 0.386712 0.614726 0.199248 0.197368 0.889350 0.706897 0.291946 0.277154 0.451311 0.209030 0.645161 0.227188 0.211957 0.201087 0.204082 0.192935 0.420981 0.461326 0.199728 0.165536 0.104336 0.184783 0.063462
         0.712963 0.722455 0.099591 0.480218 0.492487 0.461119 0.486622 0.081967 0.020464 0.056180 0.606780 0.883929 0.478854 0.476126 0.358003 0.025956 0.481583 0.435272 0.327586 0.032742 0.568056 0.009563 0.028195 0.896952 0.443609 0.495225 0.855756 0.020492 0.328179 0.061475 0.788618 0.010929 0.480218 0.749546 0.439024 0.718963 0.488404 0.000000 0.024557 0.477490 0.023224 0.465211 0.106412 0.474761 0.730028 0.477490 0.121918 0.860335 0.476126 0.139154 0.011194 0.580920 0.297945 0.454887 0.449248 0.903181 0.455172 0.552013 0.447566 0.011236 0.496656 0.754558 0.448790 0.484311 0.472033 0.478854 0.466576 0.495225 0.490331 0.473397 0.462483 0.455662 0.473397 0.436538
         0.717593 0.723849 0.095498 0.481583 0.495826 0.459754 0.489967 0.077869 0.034106 0.054307 0.603390 0.883929 0.481583 0.477490 0.359725 0.045082 0.478854 0.435272 0.329310 0.040928 0.561111 0.021858 0.045113 0.896952 0.439850 0.495225 0.855756 0.016393 0.336770 0.045082 0.782114 0.031421 0.477490 0.753176 0.435272 0.718963 0.485675 0.024557 0.000000 0.478854 0.012295 0.463847 0.111869 0.476126 0.731405 0.478854 0.108219 0.858473 0.477490 0.128240 0.029851 0.577513 0.297945 0.451128 0.445489 0.892116 0.456897 0.553691 0.447566 0.029963 0.494983 0.750351 0.450652 0.481583 0.470668 0.480218 0.465211 0.497954 0.493094 0.472033 0.459754 0.455662 0.470668 0.434615
         0.765432 0.627615 0.476126 0.035471 0.013356 0.171429 0.026756 0.472678 0.480218 0.445693 0.376271 0.889881 0.017687 0.017687 0.640275 0.482240 0.087075 0.075047 0.622414 0.484311 0.725000 0.476776 0.447368 0.898403 0.112782 0.176871 0.861304 0.474044 0.628866 0.478142 0.856911 0.478142 0.082993 0.580762 0.099437 0.567347 0.208163 0.477490 0.478854 0.000000 0.476776 0.170068 0.514325 0.016327 0.637741 0.014966 0.495890 0.785847 0.010884 0.507503 0.444030 0.303237 0.607877 0.124060 0.129699 0.890733 0.700000 0.151007 0.149813 0.443820 0.112040 0.664797 0.074488 0.097959 0.172789 0.013605 0.130612 0.416894 0.446133 0.171429 0.193197 0.180952 0.194558 0.163462
         0.716049 0.722455 0.098361 0.478142 0.495826 0.461749 0.488294 0.084699 0.024590 0.058052 0.606780 0.880952 0.478142 0.474044 0.363167 0.036885 0.479508 0.433396 0.329310 0.032787 0.555556 0.016393 0.039474 0.898403 0.441729 0.494536 0.855756 0.021858 0.335052 0.053279 0.782114 0.023224 0.478142 0.751361 0.437148 0.719945 0.487705 0.023224 0.012295 0.476776 0.000000 0.465847 0.105191 0.474044 0.730028 0.476776 0.115068 0.862197 0.475410 0.122951 0.024254 0.577513 0.299658 0.454887 0.447368 0.893499 0.458621 0.548658 0.445693 0.024345 0.498328 0.753156 0.450652 0.482240 0.472678 0.478142 0.465847 0.497268 0.491713 0.474044 0.459016 0.457650 0.471311 0.438462
         0.754630 0.620642 0.461119 0.182810 0.175292 0.012195 0.172241 0.457650 0.466576 0.445693 0.425424 0.894345 0.176630 0.171196 0.652324 0.465847 0.161905 0.159475 0.627586 0.469304 0.722222 0.464481 0.445489 0.892598 0.163534 0.173913 0.866852 0.461749 0.630584 0.467213 0.866667 0.465847 0.161685 0.627949 0.151970 0.601361 0.081301 0.465211 0.463847 0.170068 0.465847 0.000000 0.493861 0.171196 0.637741 0.165986 0.489041 0.802607 0.167347 0.511596 0.442164 0.359455 0.613014 0.176692 0.176692 0.899032 0.705172 0.271812 0.264045 0.441948 0.178930 0.636746 0.206704 0.175272 0.161685 0.164626 0.154891 0.385559 0.446133 0.160326 0.123474 0.060976 0.152174 0.021154
         0.757716 0.733612 0.181446 0.508868 0.535893 0.491132 0.525084 0.169399 0.095498 0.153558 0.635593 0.889881 0.517053 0.511596 0.418244 0.090164 0.506139 0.472795 0.396552 0.088677 0.591667 0.098361 0.127820 0.896952 0.469925 0.518417 0.864078 0.116120 0.400344 0.150273 0.801626 0.098361 0.504775 0.767695 0.472795 0.728513 0.518417 0.106412 0.111869 0.514325 0.105191 0.493861 0.000000 0.512960 0.742424 0.514325 0.201370 0.864060 0.511596 0.192360 0.119403 0.603066 0.363014 0.483083 0.473684 0.887967 0.506897 0.573826 0.490637 0.119850 0.525084 0.753156 0.495345 0.510232 0.506139 0.515689 0.497954 0.527967 0.526243 0.504775 0.503411 0.485675 0.508868 0.475000
         0.766975 0.626220 0.473397 0.024557 0.023372 0.172554 0.038462 0.469945 0.477490 0.443820 0.376271 0.889881 0.021739 0.013587 0.640275 0.479508 0.091156 0.082552 0.622414 0.481583 0.725000 0.474044 0.445489 0.899855 0.116541 0.177989 0.859917 0.471311 0.628866 0.476776 0.853659 0.475410 0.088315 0.584392 0.103189 0.565986 0.209239 0.474761 0.476126 0.016327 0.474044 0.171196 0.512960 0.000000 0.634986 0.020408 0.491781 0.787709 0.012245 0.506139 0.442164 0.308348 0.606164 0.125940 0.131579 0.886584 0.700000 0.159396 0.149813 0.441948 0.117057 0.663394 0.078212 0.101902 0.169837 0.021769 0.129076 0.415531 0.446133 0.168478 0.195652 0.180707 0.191576 0.165385
         0.881173 0.757322 0.727273 0.643251 0.642738 0.637741 0.642140 0.732782 0.731405 0.737828 0.728814 0.892857 0.634986 0.634986 0.805508 0.731405 0.636364 0.626642 0.827586 0.732782 0.801389 0.731405 0.738722 0.907112 0.631579 0.632231 0.883495 0.732782 0.817869 0.734160 0.892683 0.730028 0.637741 0.802178 0.626642 0.782369 0.650138 0.730028 0.731405 0.637741 0.730028 0.637741 0.742424 0.634986 0.000000 0.634986 0.734160 0.880819 0.634986 0.752066 0.735075 0.700170 0.791096 0.633459 0.631579 0.899032 0.836207 0.661074 0.681648 0.734082 0.643813 0.819074 0.651769 0.640496 0.621212 0.636364 0.630854 0.724518 0.736188 0.622590 0.612948 0.639118 0.659780 0.651923
         0.765432 0.627615 0.476126 0.036835 0.016694 0.167347 0.028428 0.472678 0.480218 0.445693 0.372881 0.889881 0.027211 0.024490 0.640275 0.482240 0.078912 0.073171 0.624138 0.484311 0.693056 0.476776 0.449248 0.898403 0.107143 0.172789 0.861304 0.474044 0.630584 0.479508 0.856911 0.478142 0.074830 0.582577 0.093809 0.561905 0.204082 0.477490 0.478854 0.014966 0.476776 0.165986 0.514325 0.020408 0.634986 0.000000 0.494521 0.783985 0.014966 0.506139 0.445896 0.299830 0.609589 0.118421 0.124060 0.892116 0.703448 0.151007 0.151685 0.445693 0.105351 0.661992 0.081937 0.089796 0.170068 0.004082 0.129252 0.418256 0.443370 0.168707 0.189116 0.176871 0.187755 0.163462
         0.719136 0.736402 0.087671 0.497260 0.514190 0.484932 0.508361 0.094521 0.130137 0.102996 0.610169 0.886905 0.497260 0.494521 0.406196 0.141096 0.494521 0.455910 0.384483 0.136986 0.568056 0.119178 0.099624 0.899855 0.456767 0.517808 0.861304 0.104110 0.391753 0.080822 0.798374 0.127397 0.493151 0.758621 0.454034 0.720548 0.506849 0.121918 0.108219 0.495890 0.115068 0.489041 0.201370 0.491781 0.734160 0.494521 0.000000 0.862197 0.494521 0.212329 0.083955 0.601363 0.340753 0.468045 0.464286 0.892116 0.508621 0.562081 0.471910 0.084270 0.506689 0.750351 0.471136 0.498630 0.487671 0.495890 0.484932 0.521918 0.517956 0.490411 0.479452 0.480822 0.495890 0.453846
         0.893855 0.873371 0.856611 0.793296 0.783985 0.802607 0.782123 0.864060 0.862197 0.859551 0.819367 0.897579 0.785847 0.787709 0.878957 0.864060 0.772812 0.769231 0.880819 0.864060 0.867784 0.860335 0.851504 0.888268 0.768797 0.806331 0.895717 0.860335 0.882682 0.862197 0.905028 0.864060 0.770950 0.783985 0.769231 0.873371 0.802607 0.860335 0.858473 0.785847 0.862197 0.802607 0.864060 0.787709 0.880819 0.783985 0.862197 0.000000 0.785847 0.864060 0.856343 0.802607 0.877095 0.759398 0.765038 0.908752 0.884544 0.798883 0.801498 0.859551 0.772812 0.877095 0.787709 0.769088 0.793296 0.787709 0.780261 0.875233 0.849162 0.793296 0.785847 0.808194 0.821229 0.805769
         0.765432 0.627615 0.474761 0.027285 0.016694 0.168707 0.030100 0.471311 0.478854 0.445693 0.377966 0.888393 0.020408 0.012245 0.640275 0.479508 0.087075 0.076923 0.622414 0.481583 0.723611 0.475410 0.447368 0.896952 0.114662 0.172789 0.859917 0.472678 0.628866 0.478142 0.855285 0.476776 0.082993 0.580762 0.101313 0.565986 0.205442 0.476126 0.477490 0.010884 0.475410 0.167347 0.511596 0.012245 0.634986 0.014966 0.494521 0.785847 0.000000 0.506139 0.444030 0.304940 0.607877 0.125940 0.131579 0.889350 0.700000 0.154362 0.147940 0.443820 0.113712 0.664797 0.072626 0.097959 0.168707 0.013605 0.125170 0.416894 0.444751 0.167347 0.190476 0.178231 0.189116 0.163462
         0.736111 0.750349 0.208731 0.511596 0.532554 0.507503 0.528428 0.192623 0.139154 0.194757 0.632203 0.886905 0.511596 0.507503 0.459552 0.148907 0.514325 0.482176 0.417241 0.147340 0.577778 0.135246 0.182331 0.904209 0.490602 0.529332 0.862691 0.137978 0.426117 0.168033 0.813008 0.140710 0.512960 0.776770 0.485929 0.735334 0.527967 0.139154 0.128240 0.507503 0.122951 0.511596 0.192360 0.506139 0.752066 0.506139 0.212329 0.864060 0.506139 0.000000 0.169776 0.604770 0.398973 0.501880 0.494361 0.889350 0.548276 0.578859 0.488764 0.170412 0.540134 0.761571 0.491620 0.518417 0.497954 0.507503 0.504775 0.549795 0.534530 0.499318 0.502046 0.503411 0.515689 0.498077
         0.697761 0.727612 0.069030 0.449627 0.447761 0.436567 0.442164 0.044776 0.016791 0.063670 0.591418 0.891791 0.445896 0.442164 0.367537 0.018657 0.447761 0.437148 0.324627 0.027985 0.513060 0.014925 0.020677 0.904851 0.443609 0.479478 0.865672 0.027985 0.319030 0.041045 0.772388 0.005597 0.445896 0.748134 0.440901 0.740672 0.451493 0.011194 0.029851 0.444030 0.024254 0.442164 0.119403 0.442164 0.735075 0.445896 0.083955 0.856343 0.444030 0.169776 0.000000 0.576493 0.276119 0.454887 0.449248 0.886194 0.466418 0.514925 0.451311 0.003745 0.453358 0.742537 0.455224 0.451493 0.453358 0.447761 0.447761 0.490672 0.475746 0.457090 0.442164 0.427239 0.457090 0.436538
         0.817717 0.715503 0.587734 0.320273 0.304940 0.362862 0.291312 0.584327 0.580920 0.578652 0.332198 0.897785 0.311755 0.311755 0.697074 0.582624 0.231687 0.234522 0.667241 0.584327 0.752981 0.579216 0.578947 0.908007 0.225564 0.359455 0.867121 0.575809 0.671821 0.582624 0.879046 0.582624 0.229983 0.676951 0.217636 0.652470 0.386712 0.580920 0.577513 0.303237 0.577513 0.359455 0.603066 0.308348 0.700170 0.299830 0.601363 0.802607 0.304940 0.604770 0.576493 0.000000 0.667808 0.236842 0.233083 0.897785 0.693103 0.306644 0.404494 0.576779 0.231687 0.742760 0.346369 0.243612 0.357751 0.303237 0.279387 0.579216 0.589438 0.354344 0.385009 0.374787 0.393526 0.353846
         0.667808 0.775685 0.335616 0.609589 0.611301 0.609589 0.604452 0.313356 0.297945 0.303371 0.688356 0.898973 0.611301 0.607877 0.435456 0.303082 0.611301 0.577861 0.417241 0.304795 0.638699 0.294521 0.274436 0.905822 0.582707 0.633562 0.893836 0.297945 0.386598 0.308219 0.797945 0.303082 0.609589 0.802178 0.581614 0.797945 0.614726 0.297945 0.297945 0.607877 0.299658 0.613014 0.363014 0.606164 0.791096 0.609589 0.340753 0.877095 0.607877 0.398973 0.276119 0.667808 0.000000 0.588346 0.588346 0.892123 0.508621 0.655822 0.582397 0.277154 0.614726 0.799658 0.594041 0.614726 0.611301 0.611301 0.613014 0.647260 0.621575 0.613014 0.609589 0.604452 0.623288 0.586538
         0.755639 0.654135 0.454887 0.137218 0.125940 0.174812 0.110902 0.453008 0.454887 0.464286 0.332707 0.890977 0.135338 0.131579 0.624060 0.456767 0.035714 0.060150 0.603383 0.458647 0.659774 0.454887 0.460526 0.898496 0.041353 0.189850 0.872180 0.451128 0.609023 0.458647 0.859023 0.454887 0.030075 0.588346 0.028195 0.586466 0.199248 0.454887 0.451128 0.124060 0.454887 0.176692 0.483083 0.125940 0.633459 0.118421 0.468045 0.759398 0.125940 0.501880 0.454887 0.236842 0.588346 0.000000 0.050752 0.889098 0.691729 0.227444 0.242481 0.454887 0.043233 0.669173 0.176692 0.045113 0.174812 0.124060 0.082707 0.441729 0.449248 0.171053 0.201128 0.184211 0.219925 0.176923
         0.751880 0.644737 0.447368 0.140977 0.131579 0.174812 0.114662 0.447368 0.449248 0.454887 0.332707 0.887218 0.142857 0.139098 0.627820 0.451128 0.035714 0.060150 0.601504 0.451128 0.663534 0.449248 0.454887 0.892857 0.024436 0.189850 0.870301 0.445489 0.609023 0.451128 0.857143 0.449248 0.030075 0.582707 0.031955 0.577068 0.197368 0.449248 0.445489 0.129699 0.447368 0.176692 0.473684 0.131579 0.631579 0.124060 0.464286 0.765038 0.131579 0.494361 0.449248 0.233083 0.588346 0.050752 0.000000 0.889098 0.686090 0.227444 0.248120 0.451128 0.043233 0.663534 0.184211 0.045113 0.174812 0.129699 0.082707 0.443609 0.447368 0.171053 0.193609 0.182331 0.219925 0.178846
         0.907407 0.899582 0.896266 0.889350 0.884808 0.897649 0.882943 0.894882 0.910097 0.885768 0.886441 0.903274 0.887967 0.890733 0.901893 0.901798 0.885201 0.889306 0.901724 0.903181 0.904167 0.892116 0.894737 0.899855 0.887218 0.892116 0.886269 0.896266 0.893471 0.889350 0.895935 0.892116 0.886584 0.892922 0.887430 0.899032 0.889350 0.903181 0.892116 0.890733 0.893499 0.899032 0.887967 0.886584 0.899032 0.892116 0.892116 0.908752 0.889350 0.889350 0.886194 0.897785 0.892123 0.889098 0.889098 0.000000 0.887931 0.887584 0.902622 0.885768 0.881271 0.894811 0.897579 0.885201 0.897649 0.892116 0.879668 0.890733 0.897649 0.890733 0.894882 0.885201 0.885201 0.896154
         0.777586 0.796552 0.493103 0.698276 0.705172 0.701724 0.700000 0.479310 0.456897 0.486891 0.737931 0.887931 0.701724 0.701724 0.548276 0.460345 0.703448 0.682927 0.389655 0.462069 0.729310 0.456897 0.477444 0.898276 0.687970 0.722414 0.886207 0.460345 0.410345 0.477586 0.846552 0.460345 0.700000 0.840290 0.684803 0.837931 0.706897 0.455172 0.456897 0.700000 0.458621 0.705172 0.506897 0.700000 0.836207 0.703448 0.508621 0.884544 0.700000 0.548276 0.466418 0.693103 0.508621 0.691729 0.686090 0.887931 0.000000 0.713793 0.691011 0.468165 0.703448 0.824138 0.689013 0.701724 0.701724 0.705172 0.698276 0.708621 0.715517 0.703448 0.703448 0.691379 0.705172 0.680769
         0.793624 0.687919 0.555369 0.179530 0.147651 0.273490 0.147651 0.555369 0.550336 0.511236 0.413559 0.901007 0.162752 0.159396 0.671256 0.552013 0.209732 0.191370 0.650000 0.553691 0.724832 0.552013 0.516917 0.895973 0.216165 0.281879 0.870805 0.550336 0.658076 0.558725 0.875839 0.552013 0.204698 0.600726 0.204503 0.634228 0.291946 0.552013 0.553691 0.151007 0.548658 0.271812 0.573826 0.159396 0.661074 0.151007 0.562081 0.798883 0.154362 0.578859 0.514925 0.306644 0.655822 0.227444 0.227444 0.887584 0.713793 0.000000 0.280899 0.514981 0.214765 0.694631 0.206704 0.216443 0.270134 0.149329 0.224832 0.508389 0.533557 0.266779 0.293624 0.286913 0.298658 0.267308
         0.773408 0.672285 0.456929 0.164794 0.155431 0.264045 0.161049 0.449438 0.447566 0.449438 0.475655 0.900749 0.157303 0.153558 0.619850 0.453184 0.228464 0.200750 0.597378 0.453184 0.653558 0.447566 0.458647 0.897004 0.234962 0.288390 0.863296 0.449438 0.614232 0.449438 0.844569 0.451311 0.224719 0.634831 0.221388 0.685393 0.277154 0.447566 0.447566 0.149813 0.445693 0.264045 0.490637 0.149813 0.681648 0.151685 0.471910 0.801498 0.147940 0.488764 0.451311 0.404494 0.582397 0.242481 0.248120 0.902622 0.691011 0.280899 0.000000 0.453184 0.239700 0.702247 0.134831 0.234082 0.279026 0.153558 0.230337 0.496255 0.496255 0.277154 0.292135 0.279026 0.294007 0.261538
